                    4n6h_A_thread.pdb   4rwa_A_thread.pdb   4rwd_A_thread.pdb   6pt2_A_thread.pdb   6pt3_A_thread.pdb   AF-P41143-F1-model_v2.pdbS_0001.pdb          S_0002.pdb          S_0003.pdb          
4n6h_A_thread.pdb   1.0000              0.8903              0.8910              0.8744              0.8822              0.8744              0.8499              0.8687              0.8634              
4rwa_A_thread.pdb   0.8903              1.0000              0.9867              0.8029              0.8070              0.8901              0.8628              0.8769              0.8675              
4rwd_A_thread.pdb   0.8910              0.9867              1.0000              0.8104              0.8156              0.8929              0.8695              0.8805              0.8730              
6pt2_A_thread.pdb   0.8744              0.8029              0.8104              1.0000              0.9944              0.8112              0.8130              0.8203              0.8122              
6pt3_A_thread.pdb   0.8822              0.8070              0.8156              0.9944              1.0000              0.8145              0.8197              0.8275              0.8172              
AF-P41143-F1-model_v2.pdb0.8744              0.8901              0.8929              0.8112              0.8145              1.0000              0.8390              0.8303              0.8457              
S_0001.pdb          0.8499              0.8628              0.8695              0.8130              0.8197              0.8390              1.0000              0.8526              0.8736              
S_0002.pdb          0.8687              0.8769              0.8805              0.8203              0.8275              0.8303              0.8526              1.0000              0.8859              
S_0003.pdb          0.8634              0.8675              0.8730              0.8122              0.8172              0.8457              0.8736              0.8859              1.0000             